kinematics:
  shoulder:
    x: 0
    y: 0
    z: 0.152040182561789
    roll: -0
    pitch: 0
    yaw: -3.581226919006919e-08
  upper_arm:
    x: -7.787396932547449e-05
    y: 0
    z: 0
    roll: 1.570858199202456
    pitch: 0
    yaw: 1.293874116050091e-06
  forearm:
    x: -0.2438867208901455
    y: 0
    z: 0
    roll: 3.140135044436361
    pitch: 3.140198149212747
    yaw: 3.141587936219125
  wrist_1:
    x: -0.213269574593805
    y: -0.0001887722373649134
    z: 0.1313553364042208
    roll: 0.001437110303823245
    pitch: 0.00169312607482236
    yaw: 2.494953254798375e-06
  wrist_2:
    x: 9.148354007736997e-05
    y: -0.08540510219557108
    z: 1.062395357433036e-05
    roll: 1.570671931960789
    pitch: 0
    yaw: 1.667960786841047e-06
  wrist_3:
    x: -0.0001510459802953141
    y: 0.09232472136690542
    z: -0.0001606003044047853
    roll: 1.56905681282681
    pitch: 3.141592653589793
    yaw: -3.141592637176966
  hash: calib_16096573084924097260